1749117396767 0.16203702986240387 49
1749117757389 0.5396396517753601 99
1749118293162 0.7647059559822083 149
1749118674515 0.4279279410839081 199
1749118946306 0.8044444918632507 249
1749119295180 0.8125 299
1749119527166 0.6666666865348816 349
1749119874373 0.8181818723678589 399
1749120205263 0.8333333730697632 449
1749120453545 0.8333333134651184 499
1749120777435 0.8958333730697632 549
1749121008828 0.78125 599
1749121335732 0.9082893133163452 649
1749121555473 0.8709677457809448 699
1749121885557 0.7647059559822083 749
1749122117051 1.0 799
