1749117396767 3.8316385746002197 49
1749117757389 2.067500591278076 99
1749118293162 1.1216133832931519 149
1749118674515 1.438515543937683 199
1749118946306 0.8306418061256409 249
1749119295180 0.6084458231925964 299
1749119527166 0.5845054984092712 349
1749119874373 0.49148133397102356 399
1749120205263 0.48374947905540466 449
1749120453545 0.4726591110229492 499
1749120777435 0.2619430720806122 549
1749121008828 0.2830986976623535 599
1749121335732 0.34117451310157776 649
1749121555473 0.31227564811706543 699
1749121885557 0.4620583951473236 749
1749122117051 0.09379533678293228 799
