1749117335651 0.0 31
1749117396767 1.0 49
1749117530045 1.0 63
1749117727980 2.0 95
1749117757389 3.0 99
1749117930308 3.0 127
1749118293162 4.0 149
1749118425806 4.0 159
1749118632022 5.0 191
1749118674515 6.0 199
1749118852249 6.0 223
1749118946306 7.0 249
1749119054392 7.0 255
1749119245839 8.0 287
1749119295180 9.0 299
1749119435301 9.0 319
1749119527166 10.0 349
1749119628988 10.0 351
1749119816753 11.0 383
1749119874373 12.0 399
1749119996299 12.0 415
1749120180319 13.0 447
1749120205263 14.0 449
1749120387787 14.0 479
1749120453545 15.0 499
1749120567118 15.0 511
1749120743844 16.0 543
1749120777435 17.0 549
1749120933344 17.0 575
1749121008828 18.0 599
1749121112998 18.0 607
1749121293162 19.0 639
1749121335732 20.0 649
1749121470108 20.0 671
1749121555473 21.0 699
1749121650586 21.0 703
1749121833894 22.0 735
1749121885557 23.0 749
1749122013597 23.0 767
1749122117051 24.0 799
1749122213159 24.0 799
1749122426716 25.0 831
